"TIMESTAMP","RECORD","BattV_Min","PTemp","Baudrate","Instantanous_velocity","Average_velocity","velocity_unit","Tilt_angle_value","Flow_Direction","SNR_Instantenous","SNR_Average"
"2024-09-12 13:00:00",0,12.57,18.05,1,927,943,1,43,1,7387,7310
"2024-09-12 14:00:00",1,12.43,20.35,1,956,995,1,44,1,7317,7235
"2024-09-12 15:00:00",2,12.42,22.81,1,956,956,1,44,1,7273,7280
"2024-09-12 16:00:00",3,12.43,17.21,1,939,953,1,44,1,7462,7435
"2024-09-12 17:00:00",4,12.43,19,1,903,884,1,43,1,7314,7398
"2024-09-12 18:00:00",5,12.49,18.56,1,921,959,1,44,1,7256,7294
"2024-09-12 19:00:00",6,12.5,16.38,1,953,960,1,44,1,7307,7390
"2024-09-12 20:00:00",7,12.55,12.62,1,944,970,1,43,1,7405,7398
"2024-09-12 21:00:00",8,12.57,9.28,1,958,972,1,44,1,7358,7359
"2024-09-12 22:00:00",9,12.54,8.44,1,944,948,1,44,1,7441,7381
"2024-09-12 23:00:00",10,12.58,7.431,1,927,924,1,44,1,7417,7362
"2024-09-13 00:00:00",11,12.59,6.675,1,946,948,1,43,1,7424,7396
"2024-09-13 01:00:00",12,12.59,5.889,1,912,921,1,43,1,7336,7339
"2024-09-13 02:00:00",13,12.63,5.334,1,912,917,1,43,1,7417,7396
"2024-09-13 03:00:00",14,12.63,5.314,1,890,900,1,43,1,7336,7402
"2024-09-13 04:00:00",15,12.63,7.285,1,849,890,1,43,1,7314,7302
"2024-09-13 05:00:00",16,12.6,7.96,1,887,889,1,44,1,7325,7326
"2024-09-13 06:00:00",17,12.58,7.599,1,892,900,1,44,1,7346,7298
"2024-09-13 07:00:00",18,12.58,7.661,1,840,856,1,43,1,7472,7501
"2024-09-13 08:00:00",19,12.67,7.632,1,918,898,1,44,1,7363,7430
"2024-09-13 09:00:00",20,12.7,7.412,1,908,917,1,44,1,7379,7324
"2024-09-13 10:00:00",21,12.59,11.13,1,891,892,1,44,1,7272,7235
"2024-09-13 11:00:00",22,12.51,16.16,1,877,888,1,44,1,7423,7383
"2024-09-13 12:00:00",23,12.51,19.79,1,864,875,1,43,1,7294,7309
"2024-09-13 13:00:00",24,12.43,22.32,1,856,905,1,43,1,7171,7174
"2024-09-13 14:00:00",25,12.44,24.19,1,882,894,1,43,1,7265,7133
"2024-09-13 15:00:00",26,12.42,24.89,1,814,805,1,43,1,6992,7042
"2024-09-13 16:00:00",27,12.42,25.41,1,923,906,1,44,1,7123,7038
"2024-09-13 17:00:00",28,12.42,23.12,1,952,965,1,43,1,7238,7244
"2024-09-13 18:00:00",29,12.49,22.3,1,937,923,1,44,1,7270,7259
"2024-09-13 19:00:00",30,12.54,18.37,1,977,970,1,43,1,7278,7343
"2024-09-13 20:00:00",31,12.77,12.63,1,981,974,1,44,1,7292,7360
"2024-09-13 21:00:00",32,12.76,10.01,1,941,941,1,43,1,7452,7370
"2024-09-13 22:00:00",33,12.77,12.25,1,931,933,1,43,1,7364,7300
"2024-09-13 23:00:00",34,12.76,13.1,1,891,903,1,43,1,7508,7407
"2024-09-14 00:00:00",35,12.78,12.32,1,895,898,1,43,1,7330,7334
"2024-09-14 01:00:00",36,12.77,11.76,1,868,876,1,43,1,7580,7473
"2024-09-14 02:00:00",37,12.81,11.05,1,882,888,1,43,1,7550,7443
"2024-09-14 03:00:00",38,12.82,10.39,1,891,897,1,44,1,7358,7329
"2024-09-14 04:00:00",39,12.81,9.89,1,845,847,1,43,1,7339,7360
"2024-09-14 05:00:00",40,12.82,9.55,1,867,865,1,43,1,7363,7471
"2024-09-14 06:00:00",41,12.83,9.29,1,886,866,1,43,1,7509,7445
"2024-09-14 07:00:00",42,12.84,9.01,1,847,854,1,43,1,7526,7554
"2024-09-14 08:00:00",43,12.92,8.8,1,875,865,1,43,1,7423,7470
"2024-09-14 09:00:00",44,12.93,9.19,1,885,891,1,44,1,7327,7361
"2024-09-14 10:00:00",45,12.8,13.09,1,833,862,1,43,1,7209,7244
"2024-09-14 11:00:00",46,12.74,17.77,1,901,911,1,44,1,7340,7235
"2024-09-14 12:00:00",47,12.69,21.54,1,900,894,1,44,1,7377,7222
"2024-09-14 13:00:00",48,12.65,24.6,1,911,897,1,44,1,7192,7214
"2024-09-14 14:00:00",49,12.64,27.64,1,944,953,1,44,1,7201,7192
"2024-09-14 15:00:00",50,12.62,29.55,1,925,938,1,44,1,7259,7289
"2024-09-14 16:00:00",51,12.62,30.08,1,928,939,1,44,1,7317,7279
"2024-09-14 17:00:00",52,12.65,27.53,1,901,943,1,43,1,7015,7063
"2024-09-14 18:00:00",53,12.69,26.51,1,963,967,1,43,1,7331,7277
"2024-09-14 19:00:00",54,12.72,21.78,1,937,948,1,44,1,7423,7325
"2024-09-14 20:00:00",55,12.75,16.09,1,931,928,1,43,1,7323,7362
"2024-09-14 21:00:00",56,12.7,17.16,1,936,941,1,43,1,7333,7173
"2024-09-14 22:00:00",57,12.71,18.39,1,896,895,1,43,1,7370,7356
"2024-09-14 23:00:00",58,12.7,17.69,1,948,921,1,43,1,7333,7302
"2024-09-15 00:00:00",59,12.73,16.64,1,877,880,1,43,1,7358,7397
"2024-09-15 01:00:00",60,12.73,15.78,1,880,875,1,44,1,7402,7332
"2024-09-15 02:00:00",61,12.74,15.61,1,897,896,1,44,1,7334,7290
"2024-09-15 03:00:00",62,12.74,15.56,1,867,862,1,43,1,7252,7314
"2024-09-15 04:00:00",63,12.73,15.6,1,854,865,1,43,1,7373,7385
"2024-09-15 05:00:00",64,12.74,14.73,1,857,869,1,43,1,7264,7311
"2024-09-15 06:00:00",65,12.75,14.65,1,845,832,1,43,1,7408,7462
"2024-09-15 07:00:00",66,12.76,14.49,1,885,879,1,43,1,7383,7300
"2024-09-15 08:00:00",67,12.82,14.33,1,941,908,1,43,1,7363,7303
"2024-09-15 09:00:00",68,12.85,13.31,1,910,920,1,44,1,7231,7238
"2024-09-15 10:00:00",69,12.75,16.16,1,910,894,1,43,1,7241,7296
"2024-09-15 11:00:00",70,12.69,22.16,1,896,897,1,44,1,7251,7274
"2024-09-15 12:00:00",71,12.65,26.5,1,899,885,1,44,1,7259,7143
"2024-09-15 13:00:00",72,12.62,30.33,1,936,913,1,44,1,7055,7077
"2024-09-15 14:00:00",73,12.61,32.01,1,955,958,1,44,1,7300,7282
"2024-09-15 15:00:00",74,12.61,33,1,937,958,1,43,1,7185,7140
"2024-09-15 16:00:00",75,12.61,32.54,1,946,952,1,43,1,7214,7162
"2024-09-15 17:00:00",76,12.64,30.14,1,954,958,1,44,1,7229,7230
"2024-09-15 18:00:00",77,12.64,27.33,1,956,943,1,43,1,7278,7310
"2024-09-15 19:00:00",78,12.67,22.83,1,936,931,1,43,1,7278,7341
"2024-09-15 20:00:00",79,12.68,20.19,1,957,951,1,44,1,7424,7440
"2024-09-15 21:00:00",80,12.67,19.1,1,902,896,1,44,1,7680,7780
"2024-09-15 22:00:00",81,12.69,18.4,1,884,872,1,44,1,7492,7475
"2024-09-15 23:00:00",82,12.7,18.53,1,892,900,1,43,1,7483,7568
"2024-09-16 00:00:00",83,12.71,18.39,1,945,954,1,43,1,7264,7425
"2024-09-16 01:00:00",84,12.73,16.8,1,930,936,1,44,1,6430,6633
"2024-09-16 02:00:00",85,12.73,17.01,1,941,932,1,43,1,7319,7301
"2024-09-16 03:00:00",86,12.73,17.27,1,824,841,1,44,1,7535,7543
"2024-09-16 04:00:00",87,12.72,16.45,1,904,902,1,43,1,7376,7381
"2024-09-16 05:00:00",88,12.73,15.37,1,922,918,1,43,1,7260,7278
"2024-09-16 06:00:00",89,12.74,15.22,1,935,903,1,44,1,7238,7334
"2024-09-16 07:00:00",90,12.74,15.08,1,895,883,1,43,1,7331,7385
"2024-09-16 08:00:00",91,12.81,14.72,1,904,910,1,44,1,7317,7344
"2024-09-16 09:00:00",92,12.81,15.11,1,894,895,1,44,1,7313,7324
"2024-09-16 10:00:00",93,12.74,19,1,917,927,1,43,1,7328,7244
"2024-09-16 11:00:00",94,12.72,21.06,1,904,915,1,44,1,7155,7245
"2024-09-16 12:00:00",95,12.67,24.45,1,929,947,1,43,1,7209,7231
"2024-09-16 13:00:00",96,12.65,26.03,1,898,908,1,43,1,7121,7161
"2024-09-16 14:00:00",97,12.65,27.64,1,947,951,1,43,1,7277,7276
"2024-09-16 15:00:00",98,12.64,28.38,1,981,989,1,44,1,7206,7211
"2024-09-16 16:00:00",99,12.64,29.53,1,956,957,1,43,1,7377,7302
"2024-09-16 17:00:00",100,12.65,25.32,1,1033,1021,1,44,1,7400,7416
"2024-09-16 18:00:00",101,12.69,23.71,1,1008,1012,1,43,1,7310,7347
"2024-09-16 19:00:00",102,12.7,21.73,1,945,948,1,44,1,7409,7375
"2024-09-16 20:00:00",103,12.73,17.31,1,983,991,1,44,1,7590,7601
"2024-09-16 21:00:00",104,12.69,18.81,1,968,982,1,43,1,7525,7488
"2024-09-16 22:00:00",105,12.68,18.76,1,994,996,1,44,1,7494,7446
"2024-09-16 23:00:00",106,12.69,17.11,1,960,959,1,44,1,7453,7440
"2024-09-17 00:00:00",107,12.71,16.19,1,942,948,1,44,1,7390,7438
"2024-09-17 01:00:00",108,12.72,13.69,1,959,957,1,43,1,7386,7414
"2024-09-17 02:00:00",109,12.75,13.44,1,919,924,1,44,1,7534,7463
"2024-09-17 03:00:00",110,12.77,11.74,1,943,939,1,43,1,7366,7439
"2024-09-17 04:00:00",111,12.77,12.11,1,964,959,1,44,1,7438,7411
"2024-09-17 05:00:00",112,12.79,11.57,1,941,941,1,44,1,7403,7397
"2024-09-17 06:00:00",113,12.79,11.6,1,928,934,1,44,1,7542,7410
"2024-09-17 07:00:00",114,12.78,11.54,1,1184,1189,1,44,1,3436,3428
"2024-09-17 08:00:00",115,12.83,11.35,1,1029,1025,1,44,1,4101,4131
"2024-09-17 09:00:00",116,12.89,10.1,1,945,955,1,43,1,7434,7500
"2024-09-17 10:00:00",117,12.89,10.64,1,983,968,1,43,1,7323,7412
"2024-09-17 11:00:00",118,12.88,11.09,1,1004,1047,1,44,1,5670,5619
"2024-09-17 12:00:00",119,12.59,9.95,1,956,964,1,43,1,7354,7463
"2024-09-17 13:00:00",120,12.57,11.2,1,1016,1011,1,44,1,7437,7450
"2024-09-17 14:00:00",121,12.57,9.37,1,1264,1199,1,44,1,3213,3007
"2024-09-17 15:00:00",122,12.59,10.87,1,1060,1054,1,43,1,7521,7417
"2024-09-17 16:00:00",123,12.55,15.11,1,1030,1024,1,43,1,7419,7446
"2024-09-17 17:00:00",124,12.5,15.16,1,1049,1034,1,44,1,7491,7474
"2024-09-17 18:00:00",125,12.51,13.93,1,1048,1046,1,43,1,6772,6192
"2024-09-17 19:00:00",126,12.58,10.97,1,1057,1055,1,44,1,7498,7493
"2024-09-17 20:00:00",127,12.58,10.06,1,1100,1095,1,44,1,7429,7456
"2024-09-17 21:00:00",128,12.54,10.05,1,1092,1084,1,43,1,7267,7372
"2024-09-17 22:00:00",129,12.54,9.55,1,1047,1030,1,43,1,7395,7445
"2024-09-17 23:00:00",130,12.54,8.8,1,1026,1029,1,43,1,7340,7459
"2024-09-18 00:00:00",131,12.54,9.19,1,1038,1033,1,43,1,7346,7424
"2024-09-18 01:00:00",132,12.55,8.22,1,1011,1008,1,44,1,7551,7472
"2024-09-18 02:00:00",133,12.57,8.33,1,989,991,1,43,1,7470,7480
"2024-09-18 03:00:00",134,12.56,8.42,1,986,977,1,44,1,7536,7491
"2024-09-18 04:00:00",135,12.58,7.994,1,971,959,1,44,1,7403,7439
"2024-09-18 05:00:00",136,12.59,7.551,1,975,965,1,44,1,7490,7419
"2024-09-18 06:00:00",137,12.57,8.04,1,994,970,1,44,1,7559,7501
"2024-09-18 07:00:00",138,12.58,7.431,1,996,987,1,44,1,7367,7435
"2024-09-18 08:00:00",139,12.65,6.746,1,981,990,1,43,1,7436,7505
"2024-09-18 09:00:00",140,12.66,8.09,1,1049,1014,1,43,1,7464,7428
"2024-09-18 10:00:00",141,12.57,13.83,1,985,999,1,43,1,7331,7397
"2024-09-18 11:00:00",142,12.51,17.54,1,1019,1011,1,44,1,7390,7482
"2024-09-18 12:00:00",143,12.46,18.83,1,991,985,1,43,1,7364,7452
"2024-09-18 13:00:00",144,12.46,19.46,1,991,1009,1,44,1,7354,7455
"2024-09-18 14:00:00",145,12.49,19.04,1,1056,1054,1,44,1,7466,7436
"2024-09-18 15:00:00",146,12.47,19.76,1,1063,1061,1,43,1,7413,7407
"2024-09-18 16:00:00",147,12.41,22.14,1,1057,1038,1,44,1,7526,7441
"2024-09-18 17:00:00",148,12.41,19.9,1,991,1016,1,44,1,7389,7394
"2024-09-18 18:00:00",149,12.54,19.72,1,1021,1036,1,43,1,7294,7300
"2024-09-18 19:00:00",150,12.55,15.95,1,1024,1029,1,43,1,7355,7351
"2024-09-18 20:00:00",151,12.61,11.32,1,1042,1052,1,44,1,7501,7576
"2024-09-18 21:00:00",152,12.58,10.96,1,1060,1035,1,44,1,7374,7442
"2024-09-18 22:00:00",153,12.59,12.18,1,993,1012,1,44,1,7487,7431
"2024-09-18 23:00:00",154,12.61,11.71,1,970,981,1,43,1,7549,7526
"2024-09-19 00:00:00",155,12.62,11.22,1,996,975,1,44,1,7452,7444
"2024-09-19 01:00:00",156,12.61,10.82,1,960,968,1,44,1,7570,7550
"2024-09-19 02:00:00",157,12.64,10.04,1,937,938,1,43,1,7462,7540
"2024-09-19 03:00:00",158,12.65,9.44,1,970,979,1,43,1,7475,7479
"2024-09-19 04:00:00",159,12.65,8.79,1,935,937,1,44,1,7474,7502
"2024-09-19 05:00:00",160,12.65,8.47,1,951,967,1,43,1,7444,7457
"2024-09-19 06:00:00",161,12.65,7.983,1,969,958,1,44,1,7546,7520
"2024-09-19 07:00:00",162,12.66,7.434,1,996,976,1,43,1,7360,7404
"2024-09-19 08:00:00",163,12.73,7.401,1,932,916,1,43,1,7540,7508
"2024-09-19 09:00:00",164,12.72,8.19,1,949,952,1,43,1,7339,7468
"2024-09-19 10:00:00",165,12.63,12.33,1,949,963,1,43,1,7521,7474
"2024-09-19 11:00:00",166,12.57,16.8,1,1055,1086,1,43,1,7294,7330
"2024-09-19 12:00:00",167,12.54,20.22,1,980,993,1,43,1,7269,7290
"2024-09-19 13:00:00",168,12.53,22.06,1,967,947,1,43,1,7463,7418
"2024-09-19 14:00:00",169,12.5,24.06,1,1034,1035,1,44,1,7447,7381
"2024-09-19 15:00:00",170,12.49,25.43,1,1042,1034,1,43,1,7424,7394
"2024-09-19 16:00:00",171,12.49,26.62,1,1118,1087,1,44,1,7376,7444
"2024-09-19 17:00:00",172,12.49,23.75,1,952,961,1,43,1,7409,7351
"2024-09-19 18:00:00",173,12.5,22.25,1,1015,998,1,44,1,7371,7364
"2024-09-19 19:00:00",174,12.51,17.78,1,1011,1008,1,43,1,7408,7460
"2024-09-19 20:00:00",175,12.49,13.36,1,1045,1043,1,43,1,7382,7455
"2024-09-19 21:00:00",176,12.49,10.82,1,1019,1007,1,43,1,7492,7513
"2024-09-19 22:00:00",177,12.5,12.91,1,1020,1001,1,43,1,7511,7557
"2024-09-19 23:00:00",178,12.57,14.87,1,958,961,1,43,1,7676,7669
"2024-09-20 00:00:00",179,12.57,14.78,1,973,992,1,44,1,7449,7457
"2024-09-20 01:00:00",180,12.56,13.81,1,956,958,1,44,1,7492,7520
"2024-09-20 02:00:00",181,12.58,13.52,1,934,958,1,43,1,7392,7431
"2024-09-20 03:00:00",182,12.58,12.5,1,963,972,1,44,1,7360,7429
"2024-09-20 04:00:00",183,12.58,11.99,1,952,949,1,43,1,7364,7390
"2024-09-20 05:00:00",184,12.61,11.74,1,931,932,1,43,1,7605,7592
"2024-09-20 06:00:00",185,12.61,10.6,1,926,942,1,43,1,7508,7520
"2024-09-20 07:00:00",186,12.61,10.26,1,945,955,1,43,1,7387,7485
"2024-09-20 08:00:00",187,12.7,9.65,1,964,949,1,43,1,7498,7500
"2024-09-20 09:00:00",188,12.69,9.56,1,957,956,1,43,1,7536,7478
"2024-09-20 10:00:00",189,12.59,13.44,1,912,919,1,44,1,7392,7422
"2024-09-20 11:00:00",190,12.55,18.75,1,980,966,1,43,1,7476,7445
"2024-09-20 12:00:00",191,12.51,22.67,1,989,992,1,43,1,7399,7456
"2024-09-20 13:00:00",192,12.49,25.61,1,961,965,1,43,1,7336,7316
"2024-09-20 14:00:00",193,12.49,27.05,1,1013,999,1,44,1,7437,7369
"2024-09-20 15:00:00",194,12.48,28.64,1,1018,1015,1,43,1,7334,7338
"2024-09-20 16:00:00",195,12.42,29.07,1,1019,1027,1,44,1,7202,7239
"2024-09-20 17:00:00",196,12.49,25.65,1,1014,1015,1,43,1,7216,7294
"2024-09-20 18:00:00",197,12.49,23.96,1,973,978,1,43,1,7371,7358
"2024-09-20 19:00:00",198,12.49,18.94,1,986,972,1,43,1,7400,7348
"2024-09-20 20:00:00",199,12.65,14.7,1,1022,1013,1,43,1,7419,7414
"2024-09-20 21:00:00",200,12.65,13.01,1,1010,1003,1,44,1,7503,7483
"2024-09-20 22:00:00",201,12.66,12.49,1,964,994,1,44,1,7541,7466
"2024-09-20 23:00:00",202,12.68,11.69,1,983,974,1,43,1,7440,7470
"2024-09-21 00:00:00",203,12.7,11.38,1,966,970,1,43,1,7472,7476
"2024-09-21 01:00:00",204,12.69,12.9,1,969,977,1,43,1,7429,7460
"2024-09-21 02:00:00",205,12.68,12.98,1,942,941,1,43,1,7393,7491
"2024-09-21 03:00:00",206,12.7,12.76,1,970,970,1,43,1,7430,7473
"2024-09-21 04:00:00",207,12.7,12.23,1,938,933,1,43,1,7472,7487
"2024-09-21 05:00:00",208,12.7,11.59,1,943,935,1,44,1,7422,7475
"2024-09-21 06:00:00",209,12.73,10.98,1,939,955,1,43,1,7396,7442
"2024-09-21 07:00:00",210,12.72,10.35,1,985,963,1,44,1,7417,7466
"2024-09-21 08:00:00",211,12.8,9.86,1,943,952,1,44,1,7472,7473
"2024-09-21 09:00:00",212,12.81,9.66,1,962,974,1,44,1,7358,7378
"2024-09-21 10:00:00",213,12.73,13.08,1,940,956,1,44,1,7422,7411
"2024-09-21 11:00:00",214,12.65,18.12,1,943,942,1,43,1,7480,7465
"2024-09-21 12:00:00",215,12.61,20.86,1,972,966,1,44,1,7330,7401
"2024-09-21 13:00:00",216,12.6,22.32,1,1008,990,1,44,1,7499,7476
"2024-09-21 14:00:00",217,12.57,24.46,1,951,980,1,43,1,7410,7429
"2024-09-21 15:00:00",218,12.57,26.07,1,976,972,1,43,1,7360,7369
"2024-09-21 16:00:00",219,12.57,27.08,1,1021,1012,1,43,1,7330,7307
"2024-09-21 17:00:00",220,12.57,24.07,1,1018,1037,1,43,1,7292,7316
"2024-09-21 18:00:00",221,12.61,23.23,1,1015,1020,1,43,1,7328,7357
"2024-09-21 19:00:00",222,12.62,19.41,1,1003,1014,1,43,1,7343,7338
"2024-09-21 20:00:00",223,12.66,14.88,1,1005,1003,1,43,1,7363,7423
"2024-09-21 21:00:00",224,12.66,12.66,1,991,990,1,43,1,7468,7457
"2024-09-21 22:00:00",225,12.69,10.21,1,970,997,1,43,1,7478,7441
"2024-09-21 23:00:00",226,12.7,9.25,1,998,988,1,44,1,7387,7395
"2024-09-22 00:00:00",227,12.73,9.98,1,950,961,1,43,1,7431,7439
"2024-09-22 01:00:00",228,12.73,10.38,1,952,953,1,43,1,7383,7417
"2024-09-22 02:00:00",229,12.73,11.38,1,957,951,1,43,1,7474,7411
"2024-09-22 03:00:00",230,12.73,11.91,1,940,944,1,44,1,7416,7350
"2024-09-22 04:00:00",231,12.73,11.29,1,930,948,1,43,1,7565,7528
"2024-09-22 05:00:00",232,12.72,9.9,1,949,947,1,43,1,7460,7501
"2024-09-22 06:00:00",233,12.76,9.16,1,937,933,1,43,1,7488,7430
"2024-09-22 07:00:00",234,12.75,9.81,1,890,916,1,43,1,7376,7332
"2024-09-22 08:00:00",235,12.77,9.95,1,961,963,1,43,1,7426,7484
"2024-09-22 09:00:00",236,12.81,9.83,1,969,960,1,43,1,7449,7457
"2024-09-22 10:00:00",237,12.73,14.24,1,954,948,1,43,1,7386,7440
"2024-09-22 11:00:00",238,12.65,19.02,1,926,941,1,43,1,7430,7330
"2024-09-22 12:00:00",239,12.61,22.26,1,962,942,1,43,1,7498,7400
"2024-09-22 13:00:00",240,12.57,24.57,1,1015,1002,1,44,1,7343,7383
"2024-09-22 14:00:00",241,12.57,26.34,1,949,953,1,44,1,7440,7404
"2024-09-22 15:00:00",242,12.56,27.37,1,973,974,1,43,1,7452,7392
"2024-09-22 16:00:00",243,12.57,28.11,1,1031,1039,1,43,1,7296,7298
"2024-09-22 17:00:00",244,12.58,24.85,1,1033,1024,1,44,1,7323,7331
"2024-09-22 18:00:00",245,12.58,23.61,1,1004,1008,1,43,1,7410,7374
"2024-09-22 19:00:00",246,12.61,18.7,1,1010,993,1,43,1,7336,7369
"2024-09-22 20:00:00",247,12.66,14.55,1,1016,1000,1,43,1,7570,7539
"2024-09-22 21:00:00",248,12.65,12.47,1,1020,998,1,43,1,7376,7499
"2024-09-22 22:00:00",249,12.69,12.5,1,968,962,1,43,1,7445,7471
"2024-09-22 23:00:00",250,12.66,14.46,1,965,976,1,43,1,7444,7421
"2024-09-23 00:00:00",251,12.66,14.39,1,933,945,1,43,1,7400,7377
"2024-09-23 01:00:00",252,12.69,13.78,1,947,944,1,44,1,7406,7378
"2024-09-23 02:00:00",253,12.69,12.93,1,905,916,1,44,1,7488,7482
"2024-09-23 03:00:00",254,12.7,12.39,1,953,926,1,43,1,7516,7506
"2024-09-23 04:00:00",255,12.71,11.41,1,913,919,1,44,1,7452,7447
"2024-09-23 05:00:00",256,12.72,11,1,904,900,1,43,1,7436,7364
"2024-09-23 06:00:00",257,12.73,10.51,1,899,911,1,43,1,7396,7412
"2024-09-23 07:00:00",258,12.74,10.32,1,918,920,1,43,1,7526,7445
"2024-09-23 08:00:00",259,12.77,10.36,1,950,938,1,43,1,7464,7464
"2024-09-23 09:00:00",260,12.82,9.69,1,958,946,1,43,1,7665,7512
"2024-09-23 10:00:00",261,12.74,12.29,1,932,945,1,43,1,7472,7449
"2024-09-23 11:00:00",262,12.66,17.18,1,933,934,1,44,1,7448,7386
"2024-09-23 12:00:00",263,12.61,21.49,1,919,918,1,43,1,7410,7419
"2024-09-23 13:00:00",264,12.6,23.45,1,935,938,1,44,1,7214,7199
"2024-09-23 14:00:00",265,12.57,25.78,1,997,986,1,44,1,7337,7427
"2024-09-23 15:00:00",266,12.56,27.28,1,965,986,1,43,1,7211,7288
"2024-09-23 16:00:00",267,12.5,27.3,1,966,976,1,44,1,7331,7262
"2024-09-23 17:00:00",268,12.5,24,1,991,988,1,43,1,7399,7384
"2024-09-23 18:00:00",269,12.5,22.81,1,950,975,1,43,1,7426,7384
"2024-09-23 19:00:00",270,12.52,18.57,1,964,981,1,43,1,7366,7378
"2024-09-23 20:00:00",271,12.57,14.31,1,998,996,1,43,1,7445,7483
"2024-09-23 21:00:00",272,12.57,11.52,1,988,983,1,43,1,7302,7407
"2024-09-23 22:00:00",273,12.58,11,1,993,984,1,43,1,7447,7444
"2024-09-23 23:00:00",274,12.57,12.18,1,951,950,1,43,1,7458,7463
"2024-09-24 00:00:00",275,12.59,11.94,1,944,925,1,43,1,7334,7377
"2024-09-24 01:00:00",276,12.61,11.16,1,940,949,1,44,1,7456,7437
"2024-09-24 02:00:00",277,12.6,12.95,1,922,929,1,43,1,7400,7399
"2024-09-24 03:00:00",278,12.61,12.74,1,879,897,1,43,1,7674,7602
"2024-09-24 04:00:00",279,12.61,12.67,1,912,919,1,43,1,7433,7547
"2024-09-24 05:00:00",280,12.6,11.9,1,944,942,1,44,1,7307,7338
"2024-09-24 06:00:00",281,12.61,11.68,1,937,950,1,44,1,7400,7474
"2024-09-24 07:00:00",282,12.61,11.15,1,928,927,1,43,1,7447,7485
"2024-09-24 08:00:00",283,12.61,11.41,1,924,936,1,44,1,7436,7503
"2024-09-24 09:00:00",284,12.69,11.65,1,932,920,1,43,1,7509,7462
"2024-09-24 10:00:00",285,12.59,14.84,1,967,962,1,44,1,7467,7413
"2024-09-24 11:00:00",286,12.52,19.56,1,941,953,1,44,1,7346,7370
"2024-09-24 12:00:00",287,12.49,22.88,1,1007,975,1,44,1,7487,7408
"2024-09-24 13:00:00",288,12.49,25.91,1,960,954,1,43,1,7297,7344
"2024-09-24 14:00:00",289,12.49,27.77,1,948,922,1,44,1,7182,7208
"2024-09-24 15:00:00",290,12.46,28.57,1,990,991,1,43,1,7429,7417
"2024-09-24 16:00:00",291,12.46,29.43,1,938,950,1,43,1,7296,7340
"2024-09-24 17:00:00",292,12.48,25.79,1,978,963,1,43,1,7337,7309
"2024-09-24 18:00:00",293,12.49,24.18,1,997,965,1,44,1,7327,7306
"2024-09-24 19:00:00",294,12.49,19.34,1,986,978,1,43,1,7438,7399
"2024-09-24 20:00:00",295,12.53,15.47,1,992,963,1,43,1,7441,7444
"2024-09-24 21:00:00",296,12.54,13.97,1,936,947,1,43,1,7490,7508
"2024-09-24 22:00:00",297,12.52,17.79,1,951,945,1,43,1,7389,7376
"2024-09-24 23:00:00",298,12.51,18.36,1,952,952,1,43,1,7551,7547
"2024-09-25 00:00:00",299,12.54,17.65,1,938,944,1,43,1,7470,7390
"2024-09-25 01:00:00",300,12.53,17.17,1,903,912,1,43,1,7590,7483
"2024-09-25 02:00:00",301,12.53,16.58,1,975,973,1,43,1,7393,7321
"2024-09-25 03:00:00",302,12.55,16.28,1,926,919,1,43,1,7501,7457
"2024-09-25 04:00:00",303,12.54,15.87,1,906,924,1,43,1,7434,7436
"2024-09-25 05:00:00",304,12.56,14.92,1,917,918,1,44,1,7480,7492
"2024-09-25 06:00:00",305,12.57,14.28,1,912,901,1,43,1,7322,7329
"2024-09-25 07:00:00",306,12.56,14.23,1,913,897,1,43,1,7482,7412
"2024-09-25 08:00:00",307,12.58,13.65,1,916,902,1,44,1,7346,7380
"2024-09-25 09:00:00",308,12.65,14.37,1,931,918,1,44,1,7521,7537
"2024-09-25 10:00:00",309,12.58,16.62,1,926,917,1,43,1,7498,7381
"2024-09-25 11:00:00",310,12.52,20.97,1,935,931,1,43,1,7419,7342
"2024-09-25 12:00:00",311,12.41,25.4,1,939,932,1,43,1,7155,7231
"2024-09-25 13:00:00",312,12.4,29,1,971,947,1,44,1,7285,7176
"2024-09-25 14:00:00",313,12.38,31.69,1,941,949,1,43,1,7249,7319
"2024-09-25 15:00:00",314,12.6,32.8,1,1012,1008,1,43,1,7366,7380
"2024-09-25 16:00:00",315,12.61,32.7,1,1006,1021,1,43,1,7219,7275
"2024-09-25 17:00:00",316,12.64,28.63,1,953,958,1,43,1,7257,7264
"2024-09-25 18:00:00",317,12.67,26.3,1,919,955,1,43,1,7124,7204
"2024-09-25 19:00:00",318,12.69,20.55,1,972,970,1,44,1,7398,7409
"2024-09-25 20:00:00",319,12.7,16.7,1,998,998,1,44,1,7288,7344
"2024-09-25 21:00:00",320,12.69,17.9,1,949,958,1,43,1,7366,7416
"2024-09-25 22:00:00",321,12.68,20.19,1,936,947,1,43,1,7449,7455
"2024-09-25 23:00:00",322,12.68,19.67,1,927,943,1,43,1,7361,7382
"2024-09-26 00:00:00",323,12.68,18.91,1,933,911,1,44,1,7383,7477
"2024-09-26 01:00:00",324,12.69,17.96,1,869,884,1,43,1,7509,7463
"2024-09-26 02:00:00",325,12.72,17.23,1,907,898,1,44,1,7507,7473
"2024-09-26 03:00:00",326,12.72,17.23,1,915,897,1,43,1,7358,7387
"2024-09-26 04:00:00",327,12.73,16.95,1,863,891,1,43,1,7492,7520
"2024-09-26 05:00:00",328,12.73,16.79,1,986,974,1,44,1,7285,7288
"2024-09-26 06:00:00",329,12.72,16.78,1,946,963,1,43,1,7544,7502
"2024-09-26 07:00:00",330,12.73,15.34,1,966,956,1,43,1,7440,7456
"2024-09-26 08:00:00",331,12.77,14.1,1,989,1002,1,43,1,7380,7425
"2024-09-26 09:00:00",332,12.84,12.77,1,913,924,1,44,1,7291,7249
"2024-09-26 10:00:00",333,12.76,15.92,1,859,865,1,44,1,7206,7127
"2024-09-26 11:00:00",334,12.69,22.62,1,990,996,1,44,1,7325,7303
"2024-09-26 12:00:00",335,12.65,26.45,1,1046,1048,1,43,1,7292,7335
"2024-09-26 13:00:00",336,12.43,29.07,1,1044,1031,1,43,1,7343,7318
"2024-09-26 14:00:00",337,12.42,30.91,1,1083,1078,1,44,1,7374,7322
"2024-09-26 15:00:00",338,12.59,32.02,1,1034,1058,1,43,1,7234,7209
"2024-09-26 16:00:00",339,12.6,32.51,1,981,1002,1,43,1,7128,7203
"2024-09-26 17:00:00",340,12.65,28.23,1,987,990,1,43,1,7371,7352
"2024-09-26 18:00:00",341,12.66,25.33,1,987,996,1,43,1,7334,7255
"2024-09-26 19:00:00",342,12.63,19.89,1,1035,1026,1,43,1,7459,7454
"2024-09-26 20:00:00",343,12.53,16.06,1,1019,1006,1,44,1,7516,7441
"2024-09-26 21:00:00",344,12.53,16.26,1,957,967,1,43,1,7416,7367
"2024-09-26 22:00:00",345,12.53,18.87,1,992,1000,1,43,1,7532,7518
"2024-09-26 23:00:00",346,12.53,18.61,1,977,965,1,43,1,7508,7469
"2024-09-27 00:00:00",347,12.53,17.57,1,888,891,1,43,1,7420,7452
"2024-09-27 01:00:00",348,12.54,16.71,1,914,916,1,44,1,7385,7346
"2024-09-27 02:00:00",349,12.55,15.63,1,913,926,1,43,1,7307,7327
"2024-09-27 03:00:00",350,12.57,14.47,1,901,908,1,43,1,7512,7530
"2024-09-27 04:00:00",351,12.57,14.34,1,938,931,1,43,1,7459,7338
"2024-09-27 05:00:00",352,12.57,13.92,1,955,953,1,43,1,7463,7386
"2024-09-27 06:00:00",353,12.58,13.17,1,968,946,1,43,1,7334,7335
"2024-09-27 07:00:00",354,12.59,12.8,1,927,915,1,43,1,7334,7318
"2024-09-27 08:00:00",355,12.61,12.23,1,892,914,1,43,1,7343,7354
"2024-09-27 09:00:00",356,12.65,12.39,1,918,915,1,43,1,7573,7502
"2024-09-27 10:00:00",357,12.56,15.98,1,947,947,1,43,1,7219,7233
"2024-09-27 11:00:00",358,12.53,20.62,1,967,970,1,44,1,7500,7370
"2024-09-27 12:00:00",359,12.49,24.8,1,992,1002,1,44,1,7223,7247
"2024-09-27 13:00:00",360,12.48,27.64,1,1003,997,1,43,1,7310,7330
"2024-09-27 14:00:00",361,12.49,29.28,1,989,1000,1,43,1,7412,7412
"2024-09-27 15:00:00",362,12.44,31.61,1,1008,988,1,44,1,7273,7355
"2024-09-27 16:00:00",363,12.46,32.23,1,988,975,1,44,1,7316,7313
"2024-09-27 17:00:00",364,12.46,27.79,1,1018,1003,1,43,1,7317,7347
"2024-09-27 18:00:00",365,12.41,24.4,1,1024,1010,1,44,1,7275,7269
"2024-09-27 19:00:00",366,12.45,19.48,1,1011,1005,1,43,1,7455,7400
"2024-09-27 20:00:00",367,12.54,15.8,1,1019,1000,1,44,1,7405,7389
"2024-09-27 21:00:00",368,12.53,16.36,1,967,961,1,43,1,7472,7471
"2024-09-27 22:00:00",369,12.53,19.71,1,912,936,1,43,1,7336,7315
"2024-09-27 23:00:00",370,12.53,19.3,1,928,949,1,43,1,7182,7257
"2024-09-28 00:00:00",371,12.53,18.01,1,923,929,1,44,1,7280,7213
"2024-09-28 01:00:00",372,12.54,17.07,1,934,936,1,44,1,7264,7343
"2024-09-28 02:00:00",373,12.54,16.21,1,950,925,1,44,1,7291,7271
"2024-09-28 03:00:00",374,12.54,15.6,1,876,893,1,43,1,7396,7360
"2024-09-28 04:00:00",375,12.58,15.04,1,882,888,1,43,1,7596,7488
"2024-09-28 05:00:00",376,12.56,14.89,1,962,928,1,44,1,7291,7305
"2024-09-28 06:00:00",377,12.56,14.66,1,943,944,1,43,1,7441,7359
"2024-09-28 07:00:00",378,12.57,14.55,1,906,903,1,43,1,7499,7532
"2024-09-28 08:00:00",379,12.57,13.78,1,931,944,1,44,1,7360,7394
"2024-09-28 09:00:00",380,12.64,12.44,1,973,943,1,43,1,7385,7376
"2024-09-28 10:00:00",381,12.59,14.32,1,917,911,1,44,1,7303,7313
"2024-09-28 11:00:00",382,12.52,20.22,1,931,921,1,43,1,7176,7244
"2024-09-28 12:00:00",383,12.5,24.62,1,960,936,1,44,1,7185,7317
"2024-09-28 13:00:00",384,12.49,27.74,1,989,971,1,43,1,7169,7194
"2024-09-28 14:00:00",385,12.46,30.53,1,924,943,1,44,1,7234,7194
"2024-09-28 15:00:00",386,12.46,32.19,1,972,971,1,44,1,7251,7169
"2024-09-28 16:00:00",387,12.41,34.01,1,938,958,1,43,1,7182,7206
"2024-09-28 17:00:00",388,12.31,29.34,1,995,998,1,43,1,7091,7150
"2024-09-28 18:00:00",389,12.38,25.58,1,977,967,1,43,1,7231,7255
"2024-09-28 19:00:00",390,12.42,21.18,1,961,972,1,44,1,7380,7390
"2024-09-28 20:00:00",391,12.42,17.36,1,978,989,1,43,1,7380,7414
"2024-09-28 21:00:00",392,12.43,21.27,1,966,940,1,44,1,7516,7415
"2024-09-28 22:00:00",393,12.43,22.29,1,958,945,1,44,1,7313,7433
"2024-09-28 23:00:00",394,12.42,21.65,1,924,920,1,43,1,7437,7427
"2024-09-29 00:00:00",395,12.44,20.61,1,913,917,1,43,1,7358,7438
"2024-09-29 01:00:00",396,12.42,19.73,1,942,913,1,44,1,7202,7239
"2024-09-29 02:00:00",397,12.43,19.4,1,935,916,1,44,1,7108,7242
"2024-09-29 03:00:00",398,12.45,18.4,1,873,879,1,43,1,7358,7382
"2024-09-29 04:00:00",399,12.5,18.62,1,907,893,1,43,1,7361,7408
"2024-09-29 05:00:00",400,12.43,18.86,1,899,897,1,43,1,7340,7349
"2024-09-29 06:00:00",401,12.48,18.15,1,924,900,1,44,1,7286,7333
"2024-09-29 07:00:00",402,12.42,18.59,1,902,921,1,43,1,7206,7303
"2024-09-29 08:00:00",403,12.47,17.35,1,930,937,1,43,1,7327,7283
"2024-09-29 09:00:00",404,12.5,16.93,1,907,911,1,43,1,7221,7238
"2024-09-29 10:00:00",405,12.5,19.55,1,945,932,1,43,1,7148,7231
"2024-09-29 11:00:00",406,12.38,25.56,1,892,895,1,43,1,7102,7095
"2024-09-29 12:00:00",407,12.38,31.68,1,921,929,1,44,1,7199,7113
"2024-09-29 13:00:00",408,12.35,34.23,1,974,945,1,44,1,7231,7166
"2024-09-29 14:00:00",409,12.34,35.1,1,936,937,1,43,1,7166,7239
"2024-09-29 15:00:00",410,12.37,35.15,1,990,998,1,44,1,7257,7295
"2024-09-29 16:00:00",411,12.38,34.58,1,1042,1045,1,43,1,7249,7191
"2024-09-29 17:00:00",412,12.33,30.74,1,948,959,1,43,1,7192,7140
"2024-09-29 18:00:00",413,12.42,27.54,1,928,949,1,44,1,7182,7120
"2024-09-29 19:00:00",414,12.38,21.7,1,919,967,1,43,1,7334,7376
"2024-09-29 20:00:00",415,12.45,18.53,1,990,974,1,43,1,7499,7387
"2024-09-29 21:00:00",416,12.43,18.2,1,948,959,1,43,1,7478,7377
"2024-09-29 22:00:00",417,12.41,18.16,1,960,967,1,43,1,7358,7322
"2024-09-29 23:00:00",418,12.46,15.75,1,958,963,1,44,1,7431,7463
"2024-09-30 00:00:00",419,12.42,12.69,1,959,959,1,44,1,7400,7433
"2024-09-30 01:00:00",420,12.47,10.93,1,942,939,1,44,1,7337,7314
"2024-09-30 02:00:00",421,12.54,10.04,1,946,922,1,44,1,7331,7391
"2024-09-30 03:00:00",422,12.55,9.19,1,909,918,1,44,1,7458,7371
"2024-09-30 04:00:00",423,12.54,9.09,1,913,915,1,44,1,7364,7417
"2024-09-30 05:00:00",424,12.53,9.09,1,915,916,1,44,1,7360,7404
"2024-09-30 06:00:00",425,12.54,8.48,1,924,923,1,43,1,7280,7374
"2024-09-30 07:00:00",426,12.57,8.07,1,901,899,1,43,1,7272,7280
"2024-09-30 08:00:00",427,12.54,7.361,1,941,933,1,43,1,7297,7347
"2024-09-30 09:00:00",428,12.62,7.023,1,937,918,1,43,1,7374,7346
"2024-09-30 10:00:00",429,12.49,11.17,1,891,912,1,43,1,7197,7253
"2024-09-30 11:00:00",430,12.5,16.69,1,922,936,1,43,1,7159,7252
"2024-09-30 12:00:00",431,12.44,19.63,1,929,930,1,43,1,7238,7219
"2024-09-30 13:00:00",432,12.42,21.95,1,916,918,1,44,1,7463,7410
"2024-09-30 14:00:00",433,12.42,23.96,1,960,975,1,43,1,7317,7398
"2024-09-30 15:00:00",434,12.4,24.89,1,967,945,1,44,1,7285,7285
"2024-09-30 16:00:00",435,12.42,24.97,1,987,1006,1,44,1,7455,7400
"2024-09-30 17:00:00",436,12.43,20.84,1,969,959,1,44,1,7369,7301
"2024-09-30 18:00:00",437,12.42,18.02,1,913,933,1,44,1,7228,7203
"2024-09-30 19:00:00",438,12.44,13.53,1,967,945,1,44,1,7314,7273
"2024-09-30 20:00:00",439,12.5,9.6,1,980,985,1,44,1,7539,7445
"2024-09-30 21:00:00",440,12.52,7.566,1,964,951,1,43,1,7442,7463
"2024-09-30 22:00:00",441,12.57,6.743,1,942,956,1,44,1,7416,7362
"2024-09-30 23:00:00",442,12.58,6.137,1,886,919,1,43,1,7417,7408
"2024-10-01 00:00:00",443,12.59,5.98,1,909,906,1,43,1,7367,7432
"2024-10-01 01:00:00",444,12.6,7.129,1,909,920,1,43,1,7355,7360
"2024-10-01 02:00:00",445,12.58,8.6,1,877,878,1,44,1,7257,7376
"2024-10-01 03:00:00",446,12.58,8.89,1,874,891,1,43,1,7438,7432
"2024-10-01 04:00:00",447,12.57,8.71,1,920,898,1,43,1,7363,7244
"2024-10-01 05:00:00",448,12.57,7.567,1,890,903,1,44,1,7296,7324
"2024-10-01 06:00:00",449,12.59,7.094,1,939,937,1,43,1,7267,7289
"2024-10-01 07:00:00",450,12.58,6.883,1,931,923,1,44,1,7430,7336
"2024-10-01 08:00:00",451,12.57,6.675,1,957,940,1,44,1,7229,7212
"2024-10-01 09:00:00",452,12.66,5.916,1,941,923,1,44,1,7536,7500
"2024-10-01 10:00:00",453,12.55,9.93,1,915,922,1,44,1,7334,7261
"2024-10-01 11:00:00",454,12.49,15.51,1,923,914,1,43,1,7330,7330
"2024-10-01 12:00:00",455,12.44,19.06,1,915,933,1,43,1,7373,7291
"2024-10-01 13:00:00",456,12.43,22.06,1,923,922,1,44,1,7307,7255
"2024-10-01 14:00:00",457,12.43,23.7,1,1012,998,1,43,1,7303,7354
"2024-10-01 15:00:00",458,12.38,25.57,1,984,983,1,44,1,7409,7386
"2024-10-01 16:00:00",459,12.38,26.52,1,974,974,1,44,1,7269,7326
"2024-10-01 17:00:00",460,12.42,22.64,1,929,925,1,43,1,7155,7042
"2024-10-01 18:00:00",461,12.39,19.62,1,945,931,1,44,1,7280,7214
"2024-10-01 19:00:00",462,12.45,14.62,1,934,957,1,43,1,7531,7542
"2024-10-01 20:00:00",463,12.51,10.43,1,931,937,1,43,1,7571,7487
"2024-10-01 21:00:00",464,12.54,8.85,1,924,928,1,43,1,7544,7466
"2024-10-01 22:00:00",465,12.53,9.66,1,938,925,1,43,1,7458,7444
"2024-10-01 23:00:00",466,12.51,13.19,1,943,944,1,43,1,7430,7392
"2024-10-02 00:00:00",467,12.49,13.96,1,917,899,1,43,1,7370,7432
"2024-10-02 01:00:00",468,12.5,13.77,1,905,901,1,44,1,7297,7339
"2024-10-02 02:00:00",469,12.5,13.15,1,901,896,1,44,1,7376,7309
"2024-10-02 03:00:00",470,12.52,12.3,1,869,896,1,43,1,7520,7527
"2024-10-02 04:00:00",471,12.5,11.42,1,900,899,1,43,1,7459,7348
"2024-10-02 05:00:00",472,12.5,10.79,1,912,909,1,43,1,7424,7348
"2024-10-02 06:00:00",473,12.55,9.19,1,913,911,1,44,1,7403,7354
"2024-10-02 07:00:00",474,12.57,6.72,1,954,939,1,44,1,7458,7481
"2024-10-02 08:00:00",475,12.56,5.317,1,939,955,1,43,1,7526,7481
"2024-10-02 09:00:00",476,12.66,5.072,1,926,907,1,44,1,7467,7388
"2024-10-02 10:00:00",477,12.52,9.24,1,971,969,1,43,1,7352,7369
"2024-10-02 11:00:00",478,12.47,17,1,932,949,1,43,1,7257,7261
"2024-10-02 12:00:00",479,12.42,22.42,1,947,935,1,44,1,7194,7170
"2024-10-02 13:00:00",480,12.42,25.36,1,915,917,1,44,1,7189,7113
"2024-10-02 14:00:00",481,12.39,27.88,1,922,923,1,43,1,7164,7197
"2024-10-02 15:00:00",482,12.37,29.25,1,971,978,1,44,1,7218,7315
"2024-10-02 16:00:00",483,12.38,29.97,1,985,1003,1,43,1,7270,7283
"2024-10-02 17:00:00",484,12.37,25.68,1,938,948,1,43,1,7310,7203
"2024-10-02 18:00:00",485,12.38,22.18,1,971,976,1,44,1,7239,7255
"2024-10-02 19:00:00",486,12.42,17.08,1,985,992,1,43,1,7491,7434
"2024-10-02 20:00:00",487,12.48,13.13,1,984,959,1,43,1,7518,7457
"2024-10-02 21:00:00",488,12.45,11.51,1,948,948,1,44,1,7431,7400
"2024-10-02 22:00:00",489,12.51,11.57,1,972,960,1,43,1,7377,7346
"2024-10-02 23:00:00",490,12.52,11.24,1,943,925,1,43,1,7285,7338
"2024-10-03 00:00:00",491,12.54,11.16,1,934,935,1,43,1,7387,7417
"2024-10-03 01:00:00",492,12.51,11.22,1,946,940,1,44,1,7243,7380
"2024-10-03 02:00:00",493,12.54,10.1,1,947,953,1,43,1,7430,7437
"2024-10-03 03:00:00",494,12.55,9.56,1,906,912,1,43,1,7410,7452
"2024-10-03 04:00:00",495,12.54,9.68,1,945,936,1,43,1,7392,7459
"2024-10-03 05:00:00",496,12.56,9.84,1,950,927,1,43,1,7343,7273
"2024-10-03 06:00:00",497,12.57,9.47,1,924,922,1,44,1,7426,7385
"2024-10-03 07:00:00",498,12.58,7.697,1,931,940,1,43,1,7423,7299
"2024-10-03 08:00:00",499,12.59,5.203,1,974,950,1,43,1,7311,7388
"2024-10-03 09:00:00",500,12.63,6.87,1,892,935,1,43,1,7495,7455
"2024-10-03 10:00:00",501,12.54,10.96,1,957,950,1,44,1,7313,7329
"2024-10-03 11:00:00",502,12.45,17.73,1,958,930,1,43,1,7219,7131
"2024-10-03 12:00:00",503,12.45,21.37,1,951,942,1,44,1,7113,7132
"2024-10-03 13:00:00",504,12.43,23.55,1,981,965,1,44,1,7327,7326
"2024-10-03 14:00:00",505,12.39,24.81,1,937,933,1,43,1,7277,7315
"2024-10-03 15:00:00",506,12.34,25.94,1,930,933,1,43,1,7159,7188
"2024-10-03 16:00:00",507,12.38,27.29,1,963,963,1,43,1,7180,7174
"2024-10-03 17:00:00",508,12.41,23.52,1,958,953,1,43,1,7254,7219
"2024-10-03 18:00:00",509,12.4,20.67,1,978,959,1,43,1,7175,7239
"2024-10-03 19:00:00",510,12.42,15.74,1,984,984,1,43,1,7516,7427
"2024-10-03 20:00:00",511,12.48,11.75,1,973,977,1,44,1,7478,7444
"2024-10-03 21:00:00",512,12.51,10.92,1,936,929,1,43,1,7342,7336
"2024-10-03 22:00:00",513,12.46,15.72,1,939,955,1,43,1,7336,7346
"2024-10-03 23:00:00",514,12.48,16.09,1,944,957,1,44,1,7447,7437
"2024-10-04 00:00:00",515,12.45,15.29,1,931,911,1,43,1,7403,7506
"2024-10-04 01:00:00",516,12.46,14.41,1,915,911,1,43,1,7622,7483
"2024-10-04 02:00:00",517,12.51,13.97,1,908,880,1,44,1,7426,7414
"2024-10-04 03:00:00",518,12.5,13.37,1,828,844,1,43,1,7525,7431
"2024-10-04 04:00:00",519,12.48,13.43,1,897,907,1,43,1,7429,7377
"2024-10-04 05:00:00",520,12.51,13.28,1,952,933,1,43,1,7479,7507
"2024-10-04 06:00:00",521,12.51,12.41,1,970,974,1,43,1,7514,7473
"2024-10-04 07:00:00",522,12.52,12.53,1,941,923,1,43,1,7536,7541
"2024-10-04 08:00:00",523,12.5,11.83,1,902,904,1,43,1,7460,7348
"2024-10-04 09:00:00",524,12.59,11.15,1,951,949,1,44,1,7424,7425
"2024-10-04 10:00:00",525,12.51,11.84,1,942,939,1,43,1,7316,7279
"2024-10-04 11:00:00",526,12.46,17.64,1,915,935,1,43,1,7185,7227
"2024-10-04 12:00:00",527,12.43,21.84,1,898,902,1,44,1,7021,7066
"2024-10-04 13:00:00",528,12.42,25.05,1,882,891,1,43,1,7197,7095
"2024-10-04 14:00:00",529,12.42,27.38,1,958,964,1,43,1,7183,7219
"2024-10-04 15:00:00",530,12.38,30.47,1,944,934,1,43,1,6972,7120
"2024-10-04 16:00:00",531,12.38,31.21,1,928,919,1,43,1,7257,7204
"2024-10-04 17:00:00",532,12.34,27.46,1,951,954,1,44,1,7134,7149
"2024-10-04 18:00:00",533,12.38,24.59,1,973,963,1,43,1,7285,7259
"2024-10-04 19:00:00",534,12.42,20.47,1,994,989,1,44,1,7195,7285
"2024-10-04 20:00:00",535,12.42,17.4,1,947,962,1,44,1,7265,7301
"2024-10-04 21:00:00",536,12.44,16.55,1,925,938,1,44,1,7197,7192
"2024-10-04 22:00:00",537,12.46,15.86,1,912,926,1,43,1,7331,7396
"2024-10-04 23:00:00",538,12.46,14.97,1,956,942,1,43,1,7303,7300
"2024-10-05 00:00:00",539,12.47,15.47,1,960,959,1,44,1,7264,7297
"2024-10-05 01:00:00",540,12.46,13.53,1,928,938,1,43,1,7395,7345
"2024-10-05 02:00:00",541,12.49,10.85,1,925,939,1,43,1,7296,7333
"2024-10-05 03:00:00",542,12.5,9.45,1,912,913,1,43,1,7281,7352
"2024-10-05 04:00:00",543,12.54,9.15,1,942,921,1,44,1,7352,7303
"2024-10-05 05:00:00",544,12.54,8.55,1,921,911,1,43,1,7303,7303
"2024-10-05 06:00:00",545,12.53,7.8,1,929,914,1,44,1,7358,7323
"2024-10-05 07:00:00",546,12.57,7.768,1,940,939,1,43,1,7314,7309
"2024-10-05 08:00:00",547,12.56,7.419,1,933,945,1,44,1,7352,7337
"2024-10-05 09:00:00",548,12.62,7.413,1,911,902,1,44,1,7462,7367
"2024-10-05 10:00:00",549,12.51,11.48,1,969,944,1,43,1,7143,7263
"2024-10-05 11:00:00",550,12.43,19.7,1,928,921,1,44,1,7097,7240
"2024-10-05 12:00:00",551,12.39,23.94,1,904,919,1,43,1,7183,7233
"2024-10-05 13:00:00",552,12.39,25.85,1,961,949,1,43,1,7349,7283
"2024-10-05 14:00:00",553,12.39,26.7,1,916,942,1,43,1,7178,7226
"2024-10-05 15:00:00",554,12.39,27.35,1,960,961,1,44,1,7311,7317
"2024-10-05 16:00:00",555,12.39,27.32,1,971,963,1,44,1,7260,7287
"2024-10-05 17:00:00",556,12.39,23.94,1,990,972,1,43,1,7333,7319
"2024-10-05 18:00:00",557,12.42,21.66,1,976,962,1,44,1,7400,7350
"2024-10-05 19:00:00",558,12.42,18.64,1,1026,999,1,43,1,7302,7377
"2024-10-05 20:00:00",559,12.45,13.93,1,942,959,1,43,1,7472,7405
"2024-10-05 21:00:00",560,12.47,11.2,1,948,956,1,44,1,7472,7402
"2024-10-05 22:00:00",561,12.51,10.15,1,932,924,1,44,1,7389,7362
"2024-10-05 23:00:00",562,12.52,9.94,1,921,909,1,43,1,7234,7378
"2024-10-06 00:00:00",563,12.51,12.38,1,885,901,1,43,1,7204,7279
"2024-10-06 01:00:00",564,12.49,13.07,1,834,863,1,44,1,7361,7388
"2024-10-06 02:00:00",565,12.49,12.87,1,837,870,1,43,1,7244,7283
"2024-10-06 03:00:00",566,12.5,12.43,1,895,912,1,43,1,7376,7377
"2024-10-06 04:00:00",567,12.53,12.05,1,900,885,1,44,1,7460,7554
"2024-10-06 05:00:00",568,12.51,11.63,1,915,937,1,44,1,7408,7425
"2024-10-06 06:00:00",569,12.51,10.55,1,930,927,1,43,1,7486,7386
"2024-10-06 07:00:00",570,12.54,11.06,1,894,906,1,43,1,7239,7236
"2024-10-06 08:00:00",571,12.5,11.13,1,918,906,1,44,1,7442,7398
"2024-10-06 09:00:00",572,12.59,10.92,1,913,908,1,43,1,7320,7408
"2024-10-06 10:00:00",573,12.51,11.77,1,933,920,1,43,1,7496,7417
"2024-10-06 11:00:00",574,12.47,17.28,1,946,950,1,44,1,7223,7220
"2024-10-06 12:00:00",575,12.41,21.27,1,915,918,1,44,1,7319,7337
"2024-10-06 13:00:00",576,12.42,23.9,1,897,914,1,44,1,7211,7208
"2024-10-06 14:00:00",577,12.41,25.69,1,918,914,1,43,1,7091,7169
"2024-10-06 15:00:00",578,12.38,28.19,1,970,945,1,43,1,7343,7312
"2024-10-06 16:00:00",579,12.35,29.25,1,961,966,1,43,1,7313,7338
"2024-10-06 17:00:00",580,12.4,25.02,1,994,991,1,43,1,7273,7257
"2024-10-06 18:00:00",581,12.35,21.84,1,952,965,1,43,1,7300,7224
"2024-10-06 19:00:00",582,12.42,16.92,1,961,956,1,43,1,7249,7288
"2024-10-06 20:00:00",583,12.45,14.03,1,945,940,1,43,1,7466,7391
"2024-10-06 21:00:00",584,12.47,12.44,1,940,933,1,43,1,7415,7370
"2024-10-06 22:00:00",585,12.5,13.09,1,900,904,1,43,1,7399,7372
"2024-10-06 23:00:00",586,12.5,13.26,1,908,935,1,43,1,7316,7296
"2024-10-07 00:00:00",587,12.5,14.18,1,910,902,1,43,1,7406,7368
"2024-10-07 01:00:00",588,12.47,14.16,1,956,934,1,44,1,7307,7271
"2024-10-07 02:00:00",589,12.5,13.78,1,898,897,1,43,1,7292,7288
"2024-10-07 03:00:00",590,12.46,13.64,1,952,937,1,43,1,7367,7278
"2024-10-07 04:00:00",591,12.47,13.93,1,948,943,1,43,1,7194,7235
"2024-10-07 05:00:00",592,12.5,13.22,1,917,916,1,43,1,7334,7308
"2024-10-07 06:00:00",593,12.51,13.35,1,848,888,1,44,1,7387,7306
"2024-10-07 07:00:00",594,12.47,13.57,1,875,882,1,44,1,7462,7356
"2024-10-07 08:00:00",595,12.5,13.03,1,913,913,1,43,1,7223,7258
"2024-10-07 09:00:00",596,12.57,12.22,1,885,885,1,43,1,7402,7267
"2024-10-07 10:00:00",597,12.52,12.9,1,951,939,1,44,1,7257,7307
"2024-10-07 11:00:00",598,12.46,18.24,1,958,966,1,43,1,7395,7366
"2024-10-07 12:00:00",599,12.43,22.36,1,918,923,1,43,1,7424,7296
"2024-10-07 13:00:00",600,12.4,24.74,1,912,902,1,44,1,7327,7314
"2024-10-07 14:00:00",601,12.39,26.91,1,967,955,1,43,1,7300,7271
"2024-10-07 15:00:00",602,12.38,28.79,1,963,955,1,43,1,7244,7273
"2024-10-07 16:00:00",603,12.38,29.54,1,986,967,1,43,1,7352,7251
"2024-10-07 17:00:00",604,12.4,25.23,1,937,944,1,43,1,7267,7295
"2024-10-07 18:00:00",605,12.38,21.65,1,972,952,1,43,1,7275,7240
"2024-10-07 19:00:00",606,12.42,17,1,941,942,1,43,1,7343,7317
"2024-10-07 20:00:00",607,12.47,13.2,1,949,955,1,43,1,7520,7457
"2024-10-07 21:00:00",608,12.47,12.5,1,951,936,1,43,1,7342,7364
"2024-10-07 22:00:00",609,12.46,16.36,1,931,912,1,44,1,7376,7339
"2024-10-07 23:00:00",610,12.45,16.74,1,937,920,1,44,1,7289,7340
"2024-10-08 00:00:00",611,12.47,15.83,1,910,918,1,43,1,7416,7319
"2024-10-08 01:00:00",612,12.47,15,1,887,910,1,43,1,7373,7403
"2024-10-08 02:00:00",613,12.5,14.17,1,883,905,1,44,1,7382,7406
"2024-10-08 03:00:00",614,12.5,13.46,1,920,930,1,43,1,7322,7227
"2024-10-08 04:00:00",615,12.49,13.16,1,864,886,1,43,1,7383,7345
"2024-10-08 05:00:00",616,12.47,12.36,1,933,918,1,44,1,7256,7303
"2024-10-08 06:00:00",617,12.5,11.23,1,898,907,1,43,1,7243,7342
"2024-10-08 07:00:00",618,12.52,11.02,1,921,896,1,43,1,7449,7419
"2024-10-08 08:00:00",619,12.55,10.82,1,917,895,1,43,1,7099,7192
"2024-10-08 09:00:00",620,12.58,11.2,1,920,915,1,43,1,7331,7329
"2024-10-08 10:00:00",621,12.54,12.06,1,872,880,1,44,1,7206,7213
"2024-10-08 11:00:00",622,12.39,17.63,1,946,956,1,43,1,7389,7423
"2024-10-08 12:00:00",623,12.43,21.75,1,915,925,1,43,1,6992,7155
"2024-10-08 13:00:00",624,12.4,24.28,1,925,914,1,44,1,7262,7245
"2024-10-08 14:00:00",625,12.39,26.37,1,1048,1031,1,44,1,7302,7368
"2024-10-08 15:00:00",626,12.38,28.45,1,983,979,1,44,1,7390,7408
"2024-10-08 16:00:00",627,12.36,29.14,1,903,914,1,43,1,7183,7228
"2024-10-08 17:00:00",628,12.39,25.15,1,971,971,1,43,1,7162,7230
"2024-10-08 18:00:00",629,12.33,20.93,1,966,949,1,44,1,7340,7298
"2024-10-08 19:00:00",630,12.42,16.9,1,943,957,1,43,1,7337,7357
"2024-10-08 20:00:00",631,12.48,13.59,1,964,948,1,43,1,7471,7404
"2024-10-08 21:00:00",632,12.5,12.42,1,934,952,1,43,1,7447,7461
"2024-10-08 22:00:00",633,12.44,17,1,943,948,1,43,1,7333,7356
"2024-10-08 23:00:00",634,12.43,17.83,1,905,904,1,43,1,7410,7339
"2024-10-09 00:00:00",635,12.43,17.13,1,944,944,1,44,1,7380,7352
"2024-10-09 01:00:00",636,12.43,15.99,1,895,880,1,43,1,7317,7237
"2024-10-09 02:00:00",637,12.43,15.51,1,905,894,1,44,1,7303,7306
"2024-10-09 03:00:00",638,12.48,15.35,1,887,883,1,43,1,7382,7361
"2024-10-09 04:00:00",639,12.47,14.37,1,929,903,1,44,1,7498,7471
"2024-10-09 05:00:00",640,12.46,13.91,1,951,964,1,43,1,7369,7392
"2024-10-09 06:00:00",641,12.51,13.54,1,922,916,1,43,1,7586,7505
"2024-10-09 07:00:00",642,12.5,13.6,1,912,939,1,43,1,7370,7421
"2024-10-09 08:00:00",643,12.53,13.43,1,956,938,1,43,1,7260,7322
"2024-10-09 09:00:00",644,12.5,14.31,1,932,922,1,43,1,7291,7343
"2024-10-09 10:00:00",645,12.49,15.25,1,975,975,1,43,1,7334,7450
"2024-10-09 11:00:00",646,12.42,18.96,1,1008,997,1,43,1,7252,7304
"2024-10-09 12:00:00",647,12.43,21.6,1,938,930,1,43,1,7180,7252
"2024-10-09 13:00:00",648,12.42,25.36,1,920,931,1,43,1,7135,7071
"2024-10-09 14:00:00",649,12.42,28.42,1,947,941,1,44,1,7283,7151
"2024-10-09 15:00:00",650,12.38,30.32,1,986,969,1,44,1,7095,7216
"2024-10-09 16:00:00",651,12.36,30.18,1,927,932,1,44,1,7110,7175
"2024-10-09 17:00:00",652,12.38,26.38,1,938,930,1,43,1,7093,7061
"2024-10-09 18:00:00",653,12.38,23.02,1,953,951,1,43,1,7226,7215
"2024-10-09 19:00:00",654,12.38,17.92,1,920,901,1,44,1,7244,7203
"2024-10-09 20:00:00",655,12.46,14.89,1,926,954,1,43,1,7343,7316
"2024-10-09 21:00:00",656,12.47,14.06,1,911,927,1,43,1,7328,7220
"2024-10-09 22:00:00",657,12.43,17.63,1,896,902,1,43,1,7299,7323
"2024-10-09 23:00:00",658,12.42,17.92,1,896,883,1,43,1,7331,7343
"2024-10-10 00:00:00",659,12.46,17.51,1,890,871,1,43,1,7340,7280
"2024-10-10 01:00:00",660,12.46,16.68,1,904,895,1,43,1,7363,7271
"2024-10-10 02:00:00",661,12.44,15.88,1,878,889,1,43,1,7328,7375
"2024-10-10 03:00:00",662,12.47,15.18,1,900,900,1,43,1,7195,7203
"2024-10-10 04:00:00",663,12.47,14.81,1,897,885,1,44,1,7374,7419
"2024-10-10 05:00:00",664,12.48,14.75,1,854,860,1,43,1,7348,7290
"2024-10-10 06:00:00",665,12.47,14.83,1,853,848,1,43,1,7305,7390
"2024-10-10 07:00:00",666,12.51,15,1,838,834,1,43,1,7259,7393
"2024-10-10 08:00:00",667,12.51,14.69,1,902,906,1,44,1,7247,7226
"2024-10-10 09:00:00",668,12.54,14.27,1,885,898,1,43,1,7264,7302
"2024-10-10 10:00:00",669,12.49,15.09,1,939,928,1,44,1,7219,7215
"2024-10-10 11:00:00",670,12.47,17.86,1,918,918,1,43,1,7239,7234
"2024-10-10 12:00:00",671,12.42,22.73,1,997,967,1,44,1,7085,7085
"2024-10-10 13:00:00",672,12.45,22.2,1,944,927,1,43,1,7202,7213
"2024-10-10 14:00:00",673,12.42,22.7,1,941,930,1,44,1,7252,7220
"2024-10-10 15:00:00",674,12.38,28.69,1,951,919,1,43,1,7139,7086
"2024-10-10 16:00:00",675,12.38,28.31,1,924,935,1,43,1,7031,7154
"2024-10-10 17:00:00",676,12.4,23.39,1,950,939,1,43,1,7141,7187
"2024-10-10 18:00:00",677,12.42,20.97,1,961,952,1,44,1,7157,7198
"2024-10-10 19:00:00",678,12.43,16.63,1,932,934,1,43,1,7400,7329
"2024-10-10 20:00:00",679,12.47,13.25,1,923,944,1,44,1,7192,7357
"2024-10-10 21:00:00",680,12.46,14.8,1,929,923,1,43,1,7383,7316
"2024-10-10 22:00:00",681,12.45,18.24,1,906,915,1,43,1,7333,7309
"2024-10-10 23:00:00",682,12.45,18.29,1,904,903,1,43,1,7339,7308
"2024-10-11 00:00:00",683,12.47,17.6,1,826,862,1,43,1,7212,7261
"2024-10-11 01:00:00",684,12.48,17.16,1,884,881,1,43,1,7262,7277
"2024-10-11 02:00:00",685,12.47,16.82,1,875,884,1,44,1,7241,7214
"2024-10-11 03:00:00",686,12.45,16.58,1,845,851,1,44,1,7380,7360
"2024-10-11 04:00:00",687,12.49,16.14,1,890,870,1,43,1,7383,7407
"2024-10-11 05:00:00",688,12.5,14.64,1,906,905,1,44,1,7364,7369
"2024-10-11 06:00:00",689,12.47,14.92,1,898,922,1,44,1,7199,7258
"2024-10-11 07:00:00",690,12.5,12.53,1,922,887,1,43,1,7265,7225
"2024-10-11 08:00:00",691,12.54,10.12,1,914,920,1,43,1,7422,7344
"2024-10-11 09:00:00",692,12.59,9.03,1,883,876,1,43,1,7337,7251
"2024-10-11 10:00:00",693,12.49,10.34,1,909,905,1,43,1,7139,7159
"2024-10-11 11:00:00",694,12.45,18.17,1,947,919,1,44,1,7106,7162
"2024-10-11 12:00:00",695,12.43,23.24,1,917,916,1,44,1,7089,7134
"2024-10-11 13:00:00",696,12.39,26.91,1,893,909,1,44,1,7146,7208
"2024-10-11 14:00:00",697,12.35,29.84,1,927,939,1,43,1,7124,7166
"2024-10-11 15:00:00",698,12.36,30.32,1,934,934,1,43,1,7144,7203
"2024-10-11 16:00:00",699,12.4,29.79,1,948,946,1,43,1,7176,7001
"2024-10-11 17:00:00",700,12.39,25.86,1,949,948,1,43,1,7194,7173
"2024-10-11 18:00:00",701,12.4,21.37,1,921,903,1,43,1,7219,7161
"2024-10-11 19:00:00",702,12.37,16.05,1,846,900,1,44,1,7175,7146
"2024-10-11 20:00:00",703,12.47,12.74,1,954,929,1,44,1,7267,7299
"2024-10-11 21:00:00",704,12.5,15.65,1,900,871,1,43,1,7189,7191
"2024-10-11 22:00:00",705,12.46,17.63,1,920,935,1,44,1,7393,7277
"2024-10-11 23:00:00",706,12.41,17.26,1,843,878,1,43,1,7618,7399
"2024-10-12 00:00:00",707,12.42,16.18,1,843,859,1,44,1,7395,7210
"2024-10-12 01:00:00",708,12.5,15.79,1,829,845,1,43,1,7541,7468
"2024-10-12 02:00:00",709,12.47,15.43,1,862,864,1,43,1,7299,7339
"2024-10-12 03:00:00",710,12.41,14.32,1,842,848,1,43,1,7339,7317
"2024-10-12 04:00:00",711,12.49,13.78,1,848,869,1,44,1,7360,7334
"2024-10-12 05:00:00",712,12.5,13.46,1,840,872,1,43,1,7249,7327
"2024-10-12 06:00:00",713,12.5,13.32,1,860,865,1,44,1,7531,7360
"2024-10-12 07:00:00",714,12.5,13.29,1,873,891,1,43,1,7327,7263
"2024-10-12 08:00:00",715,12.51,12.77,1,933,910,1,43,1,7300,7324
"2024-10-12 09:00:00",716,12.58,12.28,1,870,866,1,44,1,7166,7051
"2024-10-12 10:00:00",717,12.5,12.94,1,901,893,1,44,1,7262,7340
"2024-10-12 11:00:00",718,12.41,17.62,1,903,892,1,43,1,7238,7231
"2024-10-12 12:00:00",719,12.41,20.64,1,903,894,1,43,1,7124,7151
"2024-10-12 13:00:00",720,12.42,22.6,1,899,917,1,44,1,7108,7176
"2024-10-12 14:00:00",721,12.43,25.32,1,918,914,1,43,1,7176,7207
"2024-10-12 15:00:00",722,12.37,28.76,1,928,936,1,43,1,7207,7101
"2024-10-12 16:00:00",723,12.42,28.79,1,933,908,1,44,1,7055,7060
"2024-10-12 17:00:00",724,12.39,24.29,1,933,930,1,44,1,7011,7084
"2024-10-12 18:00:00",725,12.37,20.75,1,960,952,1,44,1,7180,7156
"2024-10-12 19:00:00",726,12.42,15.75,1,911,923,1,43,1,7241,7298
"2024-10-12 20:00:00",727,12.47,13.65,1,926,928,1,43,1,7371,7346
"2024-10-12 21:00:00",728,12.46,15.03,1,900,908,1,43,1,7348,7394
"2024-10-12 22:00:00",729,12.43,17.03,1,899,907,1,44,1,7320,7255
"2024-10-12 23:00:00",730,12.46,16.77,1,934,923,1,43,1,7405,7395
"2024-10-13 00:00:00",731,12.46,16.09,1,873,904,1,43,1,7343,7305
"2024-10-13 01:00:00",732,12.46,15.52,1,876,895,1,43,1,7323,7221
"2024-10-13 02:00:00",733,12.46,14.33,1,875,875,1,43,1,7299,7295
"2024-10-13 03:00:00",734,12.5,13.88,1,847,858,1,43,1,7265,7229
"2024-10-13 04:00:00",735,12.5,13.72,1,884,865,1,44,1,7440,7410
"2024-10-13 05:00:00",736,12.5,12.76,1,867,863,1,44,1,7194,7338
"2024-10-13 06:00:00",737,12.5,11.91,1,858,850,1,43,1,7294,7299
"2024-10-13 07:00:00",738,12.51,11.32,1,863,875,1,43,1,7299,7265
"2024-10-13 08:00:00",739,12.54,11.01,1,882,858,1,44,1,7231,7382
"2024-10-13 09:00:00",740,12.58,10.91,1,877,899,1,43,1,7333,7306
"2024-10-13 10:00:00",741,12.5,11.68,1,912,913,1,43,1,7336,7281
"2024-10-13 11:00:00",742,12.43,17.51,1,889,886,1,43,1,7082,7150
"2024-10-13 12:00:00",743,12.43,21.4,1,923,916,1,44,1,7178,7213
"2024-10-13 13:00:00",744,12.41,24.27,1,946,948,1,44,1,7275,7298
"2024-10-13 14:00:00",745,12.4,25.94,1,923,925,1,43,1,7358,7215
"2024-10-13 15:00:00",746,12.42,27.32,1,901,911,1,44,1,7363,7269
"2024-10-13 16:00:00",747,12.66,27.9,1,897,897,1,43,1,7182,7200
"2024-10-13 17:00:00",748,12.72,23.88,1,949,951,1,43,1,7166,7205
"2024-10-13 18:00:00",749,12.73,20.52,1,928,936,1,44,1,7137,7091
"2024-10-13 19:00:00",750,12.76,16.17,1,901,918,1,43,1,7221,7260
"2024-10-13 20:00:00",751,12.76,12.43,1,936,926,1,44,1,7449,7365
"2024-10-13 21:00:00",752,12.76,14.54,1,930,940,1,44,1,7285,7231
"2024-10-13 22:00:00",753,12.73,17.21,1,931,929,1,43,1,7233,7280
"2024-10-13 23:00:00",754,12.73,16.8,1,881,892,1,43,1,7238,7268
"2024-10-14 00:00:00",755,12.73,15.49,1,886,913,1,43,1,7285,7263
"2024-10-14 01:00:00",756,12.76,14.9,1,864,891,1,43,1,7339,7272
"2024-10-14 02:00:00",757,12.77,13.81,1,918,899,1,44,1,7159,7222
"2024-10-14 03:00:00",758,12.77,14.23,1,814,837,1,43,1,7352,7276
"2024-10-14 04:00:00",759,12.76,13.48,1,940,911,1,43,1,7361,7297
"2024-10-14 05:00:00",760,12.76,12.65,1,883,891,1,43,1,7393,7325
"2024-10-14 06:00:00",761,12.79,12.25,1,885,882,1,43,1,7317,7329
"2024-10-14 07:00:00",762,12.79,11.27,1,909,911,1,43,1,7244,7330
"2024-10-14 08:00:00",763,12.81,11.83,1,898,885,1,43,1,7352,7478
"2024-10-14 09:00:00",764,12.88,11.95,1,939,931,1,43,1,7252,7285
"2024-10-14 10:00:00",765,12.85,12.01,1,886,900,1,43,1,7270,7322
"2024-10-14 11:00:00",766,12.77,16.44,1,787,809,1,44,1,6891,7024
"2024-10-14 12:00:00",767,12.72,20.98,1,868,875,1,44,1,7173,7133
"2024-10-14 13:00:00",768,12.69,23.79,1,879,876,1,43,1,6988,7146
"2024-10-14 14:00:00",769,12.67,25.89,1,903,882,1,44,1,7128,7095
"2024-10-14 15:00:00",770,12.65,27.88,1,911,899,1,43,1,7025,7016
"2024-10-14 16:00:00",771,12.65,28.4,1,925,915,1,44,1,7171,7170
"2024-10-14 17:00:00",772,12.7,24.61,1,930,931,1,43,1,7173,7176
"2024-10-14 18:00:00",773,12.71,20.32,1,945,925,1,43,1,7262,7143
"2024-10-14 19:00:00",774,12.76,16.36,1,946,950,1,43,1,7204,7256
"2024-10-14 20:00:00",775,12.74,13.76,1,955,927,1,44,1,7229,7238
"2024-10-14 21:00:00",776,12.75,13.73,1,989,968,1,43,1,7448,7431
"2024-10-14 22:00:00",777,12.74,16.66,1,847,857,1,43,1,7426,7361
"2024-10-14 23:00:00",778,12.72,16.65,1,802,833,1,43,1,7291,7235
"2024-10-15 00:00:00",779,12.74,16.44,1,859,864,1,43,1,7216,7145
"2024-10-15 01:00:00",780,12.73,15.42,1,898,888,1,43,1,7346,7274
"2024-10-15 02:00:00",781,12.76,14.49,1,887,879,1,43,1,7370,7384
"2024-10-15 03:00:00",782,12.76,14.23,1,856,850,1,43,1,7292,7333
"2024-10-15 04:00:00",783,12.76,14.18,1,904,888,1,44,1,7416,7413
"2024-10-15 05:00:00",784,12.77,12.92,1,877,871,1,44,1,7316,7227
"2024-10-15 06:00:00",785,12.76,12.65,1,867,884,1,43,1,7265,7238
"2024-10-15 07:00:00",786,12.79,12.09,1,886,876,1,44,1,7427,7379
"2024-10-15 08:00:00",787,12.77,11.54,1,934,929,1,44,1,7214,7213
"2024-10-15 09:00:00",788,12.88,11.92,1,861,874,1,43,1,7415,7298
"2024-10-15 10:00:00",789,12.88,10.1,1,937,927,1,43,1,7459,7430
"2024-10-15 11:00:00",790,12.77,15.83,1,998,1011,1,43,1,7144,7058
"2024-10-15 12:00:00",791,12.72,19.89,1,873,873,1,43,1,7123,7089
"2024-10-15 13:00:00",792,12.72,23.26,1,1032,1022,1,44,1,7146,7080
"2024-10-15 14:00:00",793,12.71,25.79,1,874,885,1,44,1,7126,7069
"2024-10-15 15:00:00",794,12.64,27.65,1,896,909,1,43,1,7297,7117
"2024-10-15 16:00:00",795,12.64,28.15,1,872,870,1,43,1,7068,7002
"2024-10-15 17:00:00",796,12.69,23.44,1,888,903,1,43,1,7064,7042
"2024-10-15 18:00:00",797,12.72,19.28,1,933,923,1,43,1,7207,7241
"2024-10-15 19:00:00",798,12.76,15.17,1,918,933,1,43,1,7380,7342
"2024-10-15 20:00:00",799,12.77,11.81,1,950,935,1,44,1,7395,7394
"2024-10-15 21:00:00",800,12.76,11.41,1,923,912,1,44,1,7286,7324
"2024-10-15 22:00:00",801,12.73,16.14,1,886,898,1,44,1,7360,7266
"2024-10-15 23:00:00",802,12.72,17.14,1,893,877,1,44,1,7209,7206
"2024-10-16 00:00:00",803,12.73,15.95,1,867,877,1,43,1,7527,7495
"2024-10-16 01:00:00",804,12.74,15.55,1,895,913,1,43,1,7434,7353
"2024-10-16 02:00:00",805,12.74,14.65,1,886,871,1,43,1,7316,7439
"2024-10-16 03:00:00",806,12.75,13.84,1,878,886,1,43,1,7437,7432
"2024-10-16 04:00:00",807,12.75,13.44,1,847,853,1,43,1,7361,7449
"2024-10-16 05:00:00",808,12.77,13.23,1,919,901,1,44,1,7455,7359
"2024-10-16 06:00:00",809,12.77,12.65,1,886,888,1,44,1,7233,7276
"2024-10-16 07:00:00",810,12.78,12.8,1,900,914,1,43,1,7323,7349
"2024-10-16 08:00:00",811,12.77,12.14,1,888,904,1,44,1,7334,7348
"2024-10-16 09:00:00",812,12.86,12.21,1,857,880,1,43,1,7206,7303
"2024-10-16 10:00:00",813,12.86,12.78,1,908,902,1,43,1,7283,7391
"2024-10-16 11:00:00",814,12.74,17.68,1,926,928,1,44,1,7209,7246
"2024-10-16 12:00:00",815,12.69,23.14,1,901,898,1,43,1,7091,7176
"2024-10-16 13:00:00",816,12.68,26.74,1,933,935,1,43,1,7100,7089
"2024-10-16 14:00:00",817,12.68,29.26,1,946,939,1,43,1,7080,7118
"2024-10-16 15:00:00",818,12.65,27.75,1,905,928,1,44,1,7128,7159
"2024-10-16 16:00:00",819,12.65,27.43,1,945,937,1,43,1,7132,7218
"2024-10-16 17:00:00",820,12.67,24,1,919,910,1,43,1,7183,7084
"2024-10-16 18:00:00",821,12.73,21.15,1,905,897,1,43,1,7334,7327
"2024-10-16 19:00:00",822,12.75,16.08,1,934,948,1,43,1,7288,7314
"2024-10-16 20:00:00",823,12.75,12.98,1,990,964,1,44,1,7380,7326
"2024-10-16 21:00:00",824,12.75,13.79,1,916,907,1,44,1,7377,7436
"2024-10-16 22:00:00",825,12.75,14.86,1,949,946,1,44,1,7352,7375
"2024-10-16 23:00:00",826,12.73,16.75,1,948,958,1,43,1,7380,7266
"2024-10-17 00:00:00",827,12.72,17.64,1,944,951,1,43,1,7402,7451
"2024-10-17 01:00:00",828,12.73,16.03,1,990,979,1,43,1,7396,7373
"2024-10-17 02:00:00",829,12.76,13.01,1,1023,1009,1,44,1,7546,7534
"2024-10-17 03:00:00",830,12.77,11.73,1,1047,1057,1,44,1,4800,4780
"2024-10-17 04:00:00",831,12.8,10.07,1,1042,1037,1,43,1,4606,4755
"2024-10-17 05:00:00",832,12.8,9.18,1,936,917,1,43,1,7246,7247
"2024-10-17 06:00:00",833,12.83,8.99,1,913,922,1,43,1,5856,5757
"2024-10-17 07:00:00",834,12.84,8.92,1,1201,1140,1,43,1,3486,3486
"2024-10-17 08:00:00",835,12.84,8.59,1,1037,1085,1,43,1,3704,3574
"2024-10-17 09:00:00",836,12.93,7.059,1,1045,1050,1,43,1,6322,6228
"2024-10-17 10:00:00",837,12.95,7.2,1,942,953,1,44,1,7370,7406
"2024-10-17 11:00:00",838,12.92,8.52,1,918,912,1,44,1,7228,7296
"2024-10-17 12:00:00",839,12.89,9.82,1,893,907,1,43,1,7157,7269
"2024-10-17 13:00:00",840,12.85,11.54,1,979,962,1,44,1,7460,7459
"2024-10-17 14:00:00",841,12.83,13.67,1,999,1031,1,44,1,7283,7375
"2024-10-17 15:00:00",842,12.8,14.49,1,1094,1075,1,44,1,7447,7449
"2024-10-17 16:00:00",843,12.8,13.67,1,1018,1019,1,44,1,7505,7454
"2024-10-17 17:00:00",844,12.81,12.69,1,987,979,1,44,1,7374,7386
"2024-10-17 18:00:00",845,12.84,11.19,1,1047,1037,1,44,1,7438,7449
"2024-10-17 19:00:00",846,12.84,9.88,1,955,961,1,44,1,7483,7374
"2024-10-17 20:00:00",847,12.82,8.24,1,993,972,1,44,1,7389,7404
"2024-10-17 21:00:00",848,12.85,7.16,1,1035,1009,1,43,1,3984,4003
"2024-10-17 22:00:00",849,12.85,4.89,1,1122,1018,1,44,1,4101,4288
"2024-10-17 23:00:00",850,12.89,4.107,1,980,988,1,44,1,6607,6519
"2024-10-18 00:00:00",851,12.9,3.58,1,945,955,1,43,1,7402,7434
"2024-10-18 01:00:00",852,12.92,3.317,1,962,970,1,43,1,7499,7563
"2024-10-18 02:00:00",853,12.92,3.506,1,982,974,1,43,1,7578,7467
"2024-10-18 03:00:00",854,12.92,3.682,1,984,986,1,44,1,7474,7498
"2024-10-18 04:00:00",855,12.93,3.714,1,935,935,1,43,1,7566,7479
"2024-10-18 05:00:00",856,12.91,3.473,1,966,974,1,44,1,7475,7393
"2024-10-18 06:00:00",857,12.93,3.457,1,964,946,1,43,1,7403,7415
"2024-10-18 07:00:00",858,12.93,3.501,1,956,954,1,44,1,7471,7494
"2024-10-18 08:00:00",859,12.93,3.616,1,962,964,1,44,1,7472,7484
"2024-10-18 09:00:00",860,13.01,3.968,1,969,981,1,44,1,7399,7394
"2024-10-18 10:00:00",861,13,5.096,1,923,959,1,44,1,7386,7400
"2024-10-18 11:00:00",862,12.98,5.805,1,927,938,1,44,1,7467,7439
"2024-10-18 12:00:00",863,12.96,6.199,1,931,955,1,44,1,7544,7506
"2024-10-18 13:00:00",864,12.93,7.475,1,907,939,1,43,1,7273,7310
"2024-10-18 14:00:00",865,12.89,8.63,1,949,933,1,44,1,7491,7474
"2024-10-18 15:00:00",866,12.88,8.95,1,950,963,1,44,1,7369,7419
"2024-10-18 16:00:00",867,12.86,11.55,1,957,979,1,43,1,7445,7456
"2024-10-18 17:00:00",868,12.88,9.42,1,951,951,1,44,1,7487,7524
"2024-10-18 18:00:00",869,12.92,8.07,1,950,962,1,43,1,7311,7355
"2024-10-18 19:00:00",870,12.92,7.272,1,943,948,1,43,1,7413,7424
"2024-10-18 20:00:00",871,12.85,6.389,1,955,954,1,43,1,7427,7363
"2024-10-18 21:00:00",872,12.88,5.149,1,958,958,1,44,1,7451,7421
"2024-10-18 22:00:00",873,12.88,4.352,1,955,967,1,43,1,7319,7373
"2024-10-18 23:00:00",874,12.89,3.951,1,952,966,1,43,1,7389,7380
"2024-10-19 00:00:00",875,12.9,3.145,1,960,934,1,44,1,7460,7468
"2024-10-19 01:00:00",876,12.93,1.696,1,960,963,1,44,1,7374,7402
"2024-10-19 02:00:00",877,12.96,0.953,1,975,974,1,43,1,7399,7432
"2024-10-19 03:00:00",878,12.96,0.535,1,979,978,1,44,1,7427,7480
"2024-10-19 04:00:00",879,12.99,0.101,1,983,963,1,44,1,7522,7550
"2024-10-19 05:00:00",880,13,-0.482,1,924,930,1,43,1,7363,7359
"2024-10-19 06:00:00",881,13.01,-0.685,1,944,940,1,43,1,7438,7425
"2024-10-19 07:00:00",882,13.04,-0.986,1,996,991,1,44,1,7396,7392
"2024-10-19 08:00:00",883,13.07,-1.416,1,974,954,1,43,1,7400,7506
"2024-10-19 09:00:00",884,13.13,-1.208,1,964,956,1,44,1,7492,7501
"2024-10-19 10:00:00",885,13.12,-0.533,1,949,957,1,43,1,7358,7404
"2024-10-19 11:00:00",886,12.94,5.208,1,941,951,1,43,1,7371,7350
"2024-10-19 12:00:00",887,12.85,11.87,1,946,929,1,44,1,7257,7223
"2024-10-19 13:00:00",888,12.84,14.51,1,967,946,1,44,1,7234,7346
"2024-10-19 14:00:00",889,12.8,16.37,1,965,975,1,43,1,7231,7296
"2024-10-19 15:00:00",890,12.76,17.86,1,957,961,1,44,1,7464,7420
"2024-10-19 16:00:00",891,12.77,18.01,1,975,994,1,44,1,7448,7379
"2024-10-19 17:00:00",892,12.8,13.9,1,953,945,1,43,1,7257,7328
"2024-10-19 18:00:00",893,12.84,10.97,1,926,927,1,43,1,7216,7329
"2024-10-19 19:00:00",894,12.88,7.748,1,950,931,1,44,1,7371,7292
"2024-10-19 20:00:00",895,12.87,5.85,1,965,952,1,44,1,7433,7405
"2024-10-19 21:00:00",896,12.88,5.304,1,944,965,1,44,1,7325,7320
"2024-10-19 22:00:00",897,12.88,6.3,1,959,947,1,44,1,7419,7472
"2024-10-19 23:00:00",898,12.88,7.664,1,935,919,1,44,1,7294,7309
"2024-10-20 00:00:00",899,12.88,7.693,1,926,929,1,43,1,7464,7450
"2024-10-20 01:00:00",900,12.86,6.757,1,990,977,1,43,1,7448,7433
"2024-10-20 02:00:00",901,12.88,5.93,1,953,964,1,43,1,7336,7389
"2024-10-20 03:00:00",902,12.89,3.31,1,983,971,1,44,1,7377,7413
"2024-10-20 04:00:00",903,12.89,4.44,1,943,939,1,44,1,7452,7367
"2024-10-20 05:00:00",904,12.89,5.757,1,971,945,1,43,1,7366,7380
"2024-10-20 06:00:00",905,12.89,5.552,1,949,946,1,43,1,7333,7389
"2024-10-20 07:00:00",906,12.91,2.806,1,931,948,1,43,1,7327,7361
"2024-10-20 08:00:00",907,12.93,3.371,1,972,974,1,43,1,7447,7462
"2024-10-20 09:00:00",908,13.01,2.004,1,961,957,1,43,1,7514,7458
"2024-10-20 10:00:00",909,13.08,2.138,1,908,906,1,44,1,7396,7423
"2024-10-20 11:00:00",910,12.89,8.6,1,904,908,1,43,1,7390,7401
"2024-10-20 12:00:00",911,12.8,15.65,1,887,915,1,43,1,7134,7157
"2024-10-20 13:00:00",912,12.78,17.88,1,982,979,1,44,1,7251,7307
"2024-10-20 14:00:00",913,12.79,19.8,1,964,977,1,43,1,7327,7365
"2024-10-20 15:00:00",914,12.73,21.48,1,946,961,1,43,1,7340,7325
"2024-10-20 16:00:00",915,12.73,21.2,1,953,938,1,43,1,7345,7349
"2024-10-20 17:00:00",916,12.78,16.52,1,941,949,1,43,1,7376,7300
"2024-10-20 18:00:00",917,12.81,12.74,1,989,970,1,43,1,7441,7427
"2024-10-20 19:00:00",918,12.85,9.83,1,966,945,1,44,1,7323,7315
"2024-10-20 20:00:00",919,12.82,7.758,1,979,971,1,44,1,7445,7398
"2024-10-20 21:00:00",920,12.85,6.738,1,1001,1009,1,44,1,7535,7474
"2024-10-20 22:00:00",921,12.86,6.064,1,994,974,1,44,1,7303,7393
"2024-10-20 23:00:00",922,12.88,5.73,1,958,966,1,44,1,7453,7419
"2024-10-21 00:00:00",923,12.89,5.707,1,956,956,1,43,1,7422,7456
"2024-10-21 01:00:00",924,12.88,5.963,1,890,909,1,44,1,7451,7416
"2024-10-21 02:00:00",925,12.87,6.03,1,902,905,1,43,1,7244,7308
"2024-10-21 03:00:00",926,12.88,5.744,1,898,900,1,44,1,7228,7313
"2024-10-21 04:00:00",927,12.88,5.912,1,953,952,1,43,1,7436,7385
"2024-10-21 05:00:00",928,12.88,6.077,1,982,986,1,43,1,7405,7365
"2024-10-21 06:00:00",929,12.88,5.967,1,987,974,1,43,1,7382,7424
"2024-10-21 07:00:00",930,12.88,6.369,1,954,944,1,43,1,7445,7440
"2024-10-21 08:00:00",931,12.89,6.018,1,949,942,1,43,1,7405,7388
"2024-10-21 09:00:00",932,12.97,6.376,1,918,911,1,43,1,7444,7423
"2024-10-21 10:00:00",933,12.97,6.732,1,970,965,1,43,1,7467,7442
"2024-10-21 11:00:00",934,12.85,10.66,1,1135,1151,1,43,1,7238,7235
"2024-10-21 12:00:00",935,12.6,15.73,1,958,963,1,43,1,7313,7247
